ui_font_HanyiWenhei16ZhHans
    range:
    0x20-0x7f
    char:
    。，？！：神之眼的配置及运作依赖于网络使用微信扫描右侧码进行设备蓝牙确定取消卡传感器距离光照亮度按键单击双三长正在启动请稍候搜索密对忘记检查加速计发现如下问题未测到初始化失败已终止文件损坏帮助档以获更多息部分功能连接至没有可播放升级新通过串口手固不要关闭电源或拔出硬钟前小时天就绪满数据无法同步间响应异常树脂菜规自旋转语言中实程序访错误米游社看体力后重试果您喜欢该项目上点为本模式状态地址线断开尝版然
    icon:
    61441,61448,61451,61452,61452,61453,61457,61459,61461,61465,
    61468,61473,61478,61479,61480,61502,61512,61515,61516,61517,
    61521,61522,61523,61524,61543,61544,61550,61552,61553,61556,
    61559,61560,61561,61563,61587,61589,61636,61637,61639,61671,
    61674,61683,61724,61732,61787,61931,62016,62017,62018,62019,
    62020,62087,62099,62212,62189,62810,63426,63650

ui_font_FontAwesomeIcon24 (compress ON)
    icon:
    61453

ui_font_FontAwesomeIcon48 (compress ON)
    icon:
    63426